0 0.703175 0.818226 0.585463 0.361769
14 0.781419 0.165511 0.389117 0.106433
14 0.910882 0.344139 0.178236 0.0553432
14 0.241235 0.353074 0.193673 0.0765004
14 0.296045 0.184224 0.177954 0.0690183
0 0.198564 0.837052 0.392685 0.325052
0 0.0735722 0.934853 0.141725 0.129016
14 0.79599 0.744494 0.101963 0.051008
14 0.471336 0.294686 0.152907 0.049271
14 0.572985 0.440642 0.0637253 0.0270196
14 0.441125 0.603316 0.151601 0.0482632
14 0.314806 0.52513 0.109502 0.02467
14 0.691886 0.584505 0.0432504 0.0118399
14 0.268868 0.351484 0.135852 0.0768658
14 0.537501 0.349877 0.155302 0.0582965
14 0.866921 0.807158 0.0572612 0.0445887
0 0.331083 0.826421 0.224437 0.312225
