0 0.703517 0.816067 0.585941 0.366306
14 0.628915 0.428141 0.219595 0.0553705
14 0.855846 0.297239 0.178863 0.0825626
14 0.837019 0.572427 0.151667 0.0771463
14 0.716157 0.208204 0.141518 0.0583304
0 0.330209 0.816474 0.235209 0.363144
14 0.362675 0.419497 0.118004 0.0578859
0 0.0740241 0.933909 0.139969 0.131829
14 0.761127 0.766325 0.0752608 0.0289314
14 0.358011 0.183695 0.183159 0.123923
14 0.240391 0.365751 0.145276 0.0258745
0 0.0631911 0.638341 0.0943919 0.0504669
14 0.401412 0.221708 0.0987225 0.0481764
14 0.433914 0.538361 0.124004 0.0691994
14 0.447847 0.557713 0.100712 0.0333796
14 0.445826 0.550746 0.104259 0.0468602
