14 0.378965 0.30352 0.19925 0.0833825
0 0.691819 0.815879 0.607683 0.366898
14 0.405423 0.554815 0.122439 0.0328611
0 0.0990415 0.727849 0.192507 0.227088
14 0.55661 0.484508 0.101559 0.0836436
14 0.799259 0.222158 0.0856708 0.0403888
14 0.681837 0.595304 0.0910026 0.0373357
14 0.802287 0.225784 0.0734516 0.0327531
14 0.590064 0.439977 0.073716 0.0253752
0 0.205963 0.830064 0.404718 0.338767
14 0.692221 0.436272 0.0670213 0.0221674
14 0.0715721 0.478491 0.132283 0.028562
14 0.384208 0.436339 0.0659075 0.0255638
0 0.30299 0.701804 0.14844 0.135767
14 0.105776 0.38675 0.0927196 0.0342899
