0 0.696655 0.818338 0.597087 0.361781
14 0.846697 0.396203 0.215269 0.0893435
14 0.150984 0.524927 0.136754 0.0492217
14 0.463827 0.425126 0.103756 0.0276066
14 0.269305 0.427449 0.231367 0.0553535
0 0.0839575 0.929281 0.162446 0.141356
0 0.202825 0.813407 0.394848 0.371832
14 0.723614 0.539651 0.164835 0.0265184
14 0.361241 0.599311 0.11102 0.0182802
14 0.320626 0.193792 0.209867 0.0862028
14 0.378074 0.321246 0.146597 0.0791229
0 0.336669 0.754421 0.211359 0.231107
14 0.303672 0.427948 0.16589 0.0539633
14 0.378216 0.334081 0.173213 0.106608
14 0.533951 0.511184 0.0460069 0.0120119
14 0.0720071 0.447771 0.119222 0.017315
