0 0.701921 0.817191 0.591817 0.364369
14 0.922012 0.2292 0.155802 0.0678168
14 0.337095 0.439425 0.0904962 0.0361152
14 0.375602 0.147665 0.127852 0.0607509
14 0.485709 0.441939 0.120404 0.0250839
0 0.0694064 0.937051 0.12867 0.125076
0 0.32499 0.828032 0.230271 0.332455
14 0.781862 0.694856 0.0678892 0.0348858
14 0.268582 0.212043 0.155367 0.0466475
14 0.246657 0.581078 0.123196 0.0519134
14 0.230532 0.275957 0.154278 0.0370957
14 0.47289 0.594084 0.167708 0.0335995
14 0.278638 0.21487 0.132264 0.0370383
14 0.0788285 0.478083 0.14007 0.0279188
0 0.235218 0.903248 0.290546 0.192714
