0 0.69819 0.815591 0.59857 0.367144
14 0.492187 0.107933 0.314924 0.107467
14 0.911463 0.0797525 0.119217 0.0699004
14 0.784976 0.348799 0.110163 0.0452378
14 0.937877 0.721727 0.124246 0.0725242
14 0.433632 0.428368 0.194694 0.0279961
14 0.749144 0.460823 0.0847248 0.0320368
0 0.316968 0.815776 0.243059 0.352092
14 0.120396 0.38271 0.139031 0.0535977
0 0.0684247 0.936137 0.127462 0.126725
14 0.665042 0.564105 0.184983 0.0931961
14 0.567416 0.527379 0.174101 0.0705025
0 0.187616 0.828878 0.367289 0.340621
14 0.106771 0.50934 0.152076 0.0360182
