0 0.716038 0.820589 0.559893 0.357638
14 0.846417 0.2238 0.279925 0.227899
14 0.85646 0.444757 0.219971 0.0863146
0 0.0943711 0.788514 0.184138 0.276488
14 0.707809 0.0358642 0.187299 0.0714716
0 0.0983388 0.643693 0.0861286 0.0500212
0 0.201526 0.776488 0.253762 0.229309
14 0.617256 0.436695 0.120217 0.0214458
14 0.469864 0.118546 0.175877 0.0464873
0 0.367592 0.812175 0.209474 0.345894
14 0.091934 0.395909 0.135507 0.0389894
14 0.494808 0.120385 0.126011 0.0424988
14 0.864624 0.275945 0.240014 0.127816
14 0.968257 0.52597 0.0619039 0.0364147
0 0.208258 0.825837 0.410055 0.347282
14 0.274089 0.425438 0.116007 0.0427797
14 0.948014 0.596969 0.103242 0.0195009
0 0.207671 0.89139 0.409415 0.216374
