0 0.729067 0.818335 0.53629 0.361977
14 0.938863 0.36804 0.112108 0.0544122
14 0.783429 0.169858 0.170153 0.0504849
14 0.457108 0.284472 0.117382 0.0322288
14 0.779784 0.610724 0.131733 0.0633162
14 0.308786 0.441496 0.0861792 0.0257802
14 0.301121 0.529016 0.112002 0.0340405
0 0.379469 0.787721 0.220651 0.30235
14 0.661166 0.462039 0.209367 0.0516488
0 0.100383 0.640345 0.084238 0.0479111
14 0.959811 0.473282 0.0803784 0.0312084
0 0.216873 0.776971 0.257519 0.231979
14 0.664799 0.298015 0.129725 0.0445309
14 0.64233 0.290453 0.175479 0.0576738
14 0.611225 0.459281 0.108868 0.0464903
14 0.0942095 0.536465 0.184616 0.047547
0 0.11189 0.788139 0.218571 0.280043
0 0.222791 0.902073 0.438834 0.195074
14 0.666567 0.288083 0.126392 0.0474011
14 0.810204 0.172215 0.117418 0.044861
