0 0.71282 0.814956 0.556288 0.368567
14 0.704787 0.144041 0.243223 0.0785312
0 0.0860654 0.929987 0.164722 0.138988
0 0.163513 0.686104 0.213055 0.147099
0 0.158477 0.815148 0.313406 0.367635
14 0.0731265 0.33953 0.121106 0.0568882
14 0.94137 0.0638221 0.117261 0.12678
0 0.360002 0.814509 0.204238 0.362793
14 0.296685 0.517524 0.140179 0.0470884
14 0.623424 0.516817 0.126246 0.0276868
14 0.191307 0.597966 0.121468 0.0534323
14 0.945672 0.400717 0.0993347 0.108246
14 0.0420074 0.466735 0.0834058 0.0303411
0 0.10207 0.634691 0.0865027 0.0451341
14 0.945145 0.424703 0.100812 0.158509
