0 0.701618 0.814673 0.584436 0.370017
14 0.637243 0.484577 0.141759 0.0528992
14 0.387857 0.461604 0.110957 0.0335355
14 0.701626 0.654801 0.154322 0.0660105
0 0.328173 0.707893 0.184635 0.150431
0 0.165336 0.690328 0.283554 0.152101
0 0.12217 0.894971 0.241526 0.208877
14 0.240908 0.557677 0.101725 0.0417055
0 0.22293 0.816228 0.442983 0.365982
0 0.433392 0.736323 0.07354 0.0933939
14 0.482774 0.576036 0.0809752 0.0374414
14 0.554667 0.543953 0.0589649 0.0140379
0 0.127802 0.816456 0.249326 0.366031
0 0.0790392 0.665978 0.109833 0.105777
