0 0.697953 0.811209 0.600076 0.37686
14 0.879794 0.777271 0.109584 0.0983974
14 0.745058 0.579554 0.187078 0.0924507
14 0.329709 0.435592 0.100923 0.0461521
33 0.329875 0.436365 0.102556 0.0466163
0 0.174503 0.894268 0.346483 0.210574
33 0.0400423 0.496781 0.0765132 0.024102
0 0.345101 0.829587 0.191415 0.331444
14 0.561747 0.599863 0.048183 0.0638185
14 0.708511 0.555164 0.11711 0.0456657
14 0.762575 0.600952 0.157011 0.0510242
0 0.175793 0.824588 0.348878 0.349167
0 0.066938 0.641808 0.100785 0.0638071
0 0.142446 0.620374 0.248922 0.0853971
14 0.748197 0.594355 0.182921 0.0670485
0 0.151242 0.765002 0.288331 0.239185
