0 0.698208 0.818189 0.591804 0.362259
14 0.370567 0.387987 0.165856 0.0618363
14 0.892306 0.294169 0.09823 0.0791862
14 0.91519 0.424133 0.0470123 0.0570833
14 0.77348 0.530313 0.0690667 0.0508049
14 0.200243 0.380493 0.191943 0.0797439
14 0.702251 0.44012 0.0841941 0.0245987
14 0.749574 0.0367829 0.175802 0.0726358
14 0.542979 0.0869812 0.202541 0.110028
0 0.156251 0.742362 0.300445 0.259765
14 0.582288 0.0920717 0.12384 0.0953228
14 0.297268 0.45475 0.151773 0.0527514
14 0.769572 0.0513105 0.136376 0.0440487
14 0.272286 0.452111 0.101772 0.0512609
14 0.457149 0.527186 0.0632368 0.0276411
0 0.107782 0.852944 0.213748 0.292346
