14 0.912604 0.503073 0.137198 0.0514246
0 0.527462 0.808571 0.622477 0.382858
14 0.59385 0.721148 0.136985 0.0278774
14 0.348175 0.494598 0.148265 0.0716814
14 0.671607 0.494805 0.0456278 0.0176579
0 0.0636528 0.823191 0.123038 0.353619
33 0.019422 0.498125 0.0345074 0.0222164
14 0.959353 0.600844 0.0653151 0.0190876
8 0.5 0.919484 1 0.160588
0 0.120191 0.742623 0.160071 0.160462
0 0.0313971 0.714273 0.0608427 0.124512
33 0.235626 0.506259 0.0378356 0.0357214
14 0.206054 0.56793 0.0658195 0.0202478
