14 0.458717 0.477659 0.110451 0.0384422
0 0.695775 0.812812 0.585845 0.373961
14 0.162938 0.303661 0.109211 0.078439
14 0.712886 0.522698 0.0928614 0.0534
14 0.0981398 0.402796 0.131277 0.0392074
0 0.0635104 0.636305 0.0861655 0.0503563
0 0.338155 0.806806 0.200039 0.300474
0 0.183415 0.888283 0.3619 0.222785
14 0.911982 0.82054 0.0550568 0.0415123
14 0.757673 0.469752 0.0951106 0.0267622
14 0.291453 0.530851 0.189122 0.0410694
14 0.171528 0.321489 0.095644 0.0431814
14 0.19651 0.602595 0.10742 0.047645
14 0.116648 0.405944 0.0957716 0.0340594
