0 0.695365 0.814502 0.601608 0.369641
14 0.526519 0.596399 0.113846 0.03106
14 0.331492 0.308619 0.256539 0.085634
14 0.385889 0.309951 0.152857 0.0848983
14 0.561665 0.0614621 0.176737 0.122185
14 0.850467 0.600934 0.0825879 0.0327641
14 0.626313 0.349349 0.0996713 0.0416304
14 0.504731 0.450033 0.115308 0.0372866
14 0.650477 0.347448 0.146639 0.0438568
0 0.311479 0.720142 0.202011 0.1752
14 0.849643 0.5155 0.0812366 0.0285706
0 0.111042 0.819706 0.214941 0.351274
14 0.966522 0.323763 0.0669566 0.0425354
0 0.302538 0.700102 0.170323 0.138572
0 0.113387 0.750172 0.221059 0.244874
