0 0.712732 0.817662 0.560418 0.363942
14 0.55346 0.530219 0.127303 0.044986
14 0.900347 0.394258 0.126333 0.0443504
14 0.24222 0.501459 0.155127 0.0525755
0 0.189975 0.799357 0.373363 0.399939
14 0.219573 0.321705 0.178263 0.0451387
14 0.600103 0.429247 0.117796 0.0679609
14 0.316283 0.367176 0.162901 0.0346326
14 0.106022 0.594037 0.135712 0.0531612
0 0.119433 0.808377 0.232331 0.382452
14 0.377143 0.1813 0.183717 0.0682885
14 0.397313 0.180044 0.121418 0.0639498
14 0.577693 0.428688 0.165564 0.0695544
0 0.362319 0.802812 0.204431 0.332131
0 0.118495 0.880264 0.232652 0.238234
14 0.25295 0.324387 0.11456 0.0449408
14 0.448767 0.194471 0.0490991 0.0530668
