0 0.697184 0.816493 0.598057 0.365499
14 0.79856 0.329152 0.156362 0.0668236
14 0.59359 0.587439 0.157119 0.030818
14 0.436596 0.347258 0.171774 0.0454337
14 0.489738 0.406654 0.113079 0.0471087
0 0.0605592 0.941035 0.112245 0.116769
14 0.382546 0.516479 0.0801839 0.0432837
14 0.137123 0.361719 0.122949 0.0330491
14 0.492593 0.567467 0.181943 0.054224
0 0.313139 0.82441 0.240319 0.330436
0 0.185357 0.835133 0.363614 0.327375
0 0.0663933 0.640724 0.0938458 0.0535706
14 0.222824 0.607367 0.128467 0.0456394
