0 0.709991 0.815549 0.563384 0.367344
14 0.706172 0.0847237 0.214447 0.104706
14 0.548665 0.476547 0.146396 0.0462065
14 0.175129 0.51291 0.155946 0.0378946
14 0.690127 0.42483 0.126536 0.165172
0 0.11123 0.824265 0.217984 0.350525
14 0.690839 0.459542 0.126166 0.0984671
14 0.614535 0.607139 0.122942 0.0261063
0 0.362076 0.815798 0.208843 0.367496
0 0.178086 0.825821 0.343119 0.347827
0 0.11244 0.921557 0.212952 0.156058
14 0.20089 0.59764 0.100578 0.0317667
0 0.342199 0.712536 0.163771 0.160394
