0 0.369292 0.812732 0.706713 0.373572
14 0.631819 0.0779605 0.191344 0.155921
14 0.204785 0.257449 0.174484 0.0756404
14 0.19313 0.406428 0.10469 0.0435352
14 0.570567 0.469897 0.0665915 0.0494169
0 0.0382825 0.789538 0.0746178 0.328282
14 0.519491 0.616089 0.0711375 0.0248058
14 0.0394166 0.440801 0.0454056 0.0461693
0 0.0379804 0.720126 0.0737993 0.188351
14 0.348521 0.526894 0.0449668 0.0254938
14 0.507577 0.614462 0.0947428 0.0256575
8 0.505697 0.917097 0.988606 0.165026
14 0.344843 0.571567 0.0412237 0.0321754
14 0.48854 0.51763 0.0539398 0.0143357
