0 0.721813 0.811991 0.546128 0.374673
0 0.342715 0.725009 0.135046 0.1908
14 0.184146 0.460774 0.219818 0.0472019
0 0.0929185 0.634953 0.0856615 0.0517323
14 0.683452 0.434214 0.0992296 0.0233614
0 0.0879564 0.781739 0.169199 0.291312
14 0.678974 0.604322 0.0897115 0.0262714
14 0.701006 0.522949 0.19293 0.0196305
33 0.947592 0.294163 0.0860304 0.0369942
0 0.203726 0.884637 0.397193 0.229903
14 0.407494 0.591466 0.0671358 0.0212597
14 0.312241 0.540667 0.159854 0.0283466
0 0.180765 0.767531 0.251189 0.231185
14 0.538762 0.513493 0.0806675 0.068121
0 0.203462 0.823866 0.399971 0.351402
14 0.968361 0.597976 0.0632785 0.034511
