0 0.725317 0.812022 0.5371 0.374533
14 0.106116 0.403217 0.120127 0.0586813
0 0.0990706 0.636315 0.0822979 0.0509102
14 0.49483 0.404325 0.0937512 0.0529495
0 0.358658 0.725493 0.159213 0.189152
14 0.860144 0.364036 0.0990251 0.0305337
14 0.43426 0.522373 0.177058 0.0720337
0 0.0977326 0.780548 0.191216 0.28788
0 0.202205 0.766896 0.251398 0.226995
14 0.667307 0.51592 0.105694 0.0458261
14 0.967656 0.43042 0.0646883 0.0317822
14 0.648421 0.468657 0.132012 0.0308114
14 0.529588 0.595602 0.101165 0.0400167
0 0.210385 0.887911 0.411967 0.223307
14 0.76166 0.396075 0.150052 0.0618414
0 0.210437 0.820173 0.413901 0.357747
